0 [1    1       1         1           1             1               1                 1]
1 [1    2       3         4           5             6               7                 8]
2 [1    4      10        20          35            56              84               120]
3 [1    8      36       120         330           792            1716              3432]
4 [1   16     136       816        3876         15504           54264            170544]
5 [1   32     528      5984       52360        376992         2324784          12620256]
6 [1   64    2080     45760      766480      10424128       119877472        1198774720]
7 [1  128    8256    357760    11716640     309319296      6856577728      131254487936]
8 [1  256   32896   2829056   183181376    9525431552    414356272512    15508763342592]
9 [1  512  131328  22500864  2896986240  298968979968  25761160440576  1906325872602624]
